# unix_time, cycles_done, cur_path, paths_total, pending_total, pending_favs, map_size, unique_crashes, unique_hangs, max_depth, execs_per_sec
1575268889, 0, 0, 1, 1, 1, 0.10%, 0, 0, 1, 2666.67
1575268895, 0, 0, 14, 14, 1, 0.11%, 6, 0, 2, 4900.56
1575268900, 0, 0, 51, 51, 1, 0.14%, 12, 0, 2, 5372.47
1575268905, 0, 34, 55, 51, 7, 0.15%, 12, 0, 3, 5473.31
1575268910, 0, 43, 70, 65, 6, 0.17%, 19, 0, 3, 5423.56
1575268915, 0, 44, 73, 67, 11, 0.18%, 20, 0, 3, 5547.97
1575268920, 0, 59, 74, 65, 8, 0.18%, 21, 0, 4, 5491.40
1575268925, 0, 61, 75, 65, 7, 0.18%, 23, 0, 4, 5366.25
1575268930, 0, 61, 83, 73, 7, 0.18%, 27, 0, 4, 5367.99
1575268935, 0, 62, 88, 77, 6, 0.18%, 27, 0, 4, 5406.72
1575268940, 0, 64, 90, 77, 4, 0.18%, 27, 0, 4, 5434.40
1575268945, 0, 71, 90, 75, 2, 0.18%, 27, 0, 4, 5440.43
1575268950, 0, 71, 94, 79, 2, 0.18%, 27, 0, 4, 5407.76
1575268955, 0, 74, 95, 79, 1, 0.18%, 27, 0, 4, 5365.47
1575268960, 0, 81, 95, 78, 0, 0.18%, 27, 0, 4, 5330.14
1575268965, 0, 85, 98, 80, 0, 0.18%, 27, 0, 5, 5383.22
1575268970, 0, 96, 102, 83, 1, 0.18%, 27, 0, 6, 5426.43
1575268976, 0, 100, 106, 86, 2, 0.18%, 27, 0, 7, 5400.92
1575268981, 0, 100, 117, 97, 2, 0.18%, 27, 0, 7, 5310.09
1575268986, 0, 102, 120, 99, 4, 0.18%, 27, 0, 7, 5221.50
1575268991, 0, 105, 120, 97, 3, 0.18%, 27, 0, 7, 5299.12
1575268996, 0, 110, 121, 97, 2, 0.18%, 27, 0, 8, 5179.75
1575269001, 0, 114, 121, 96, 1, 0.18%, 27, 0, 8, 5168.48
1575269006, 0, 119, 122, 96, 0, 0.18%, 27, 0, 8, 5145.17
1575269011, 0, 119, 128, 102, 0, 0.18%, 27, 0, 8, 5232.44
1575269016, 0, 126, 130, 103, 0, 0.18%, 27, 0, 9, 4946.93
1575269021, 0, 126, 133, 106, 0, 0.18%, 27, 0, 9, 5006.65
1575269026, 1, 3, 133, 105, 0, 0.18%, 27, 0, 9, 5453.41
1575269031, 1, 5, 133, 104, 0, 0.18%, 27, 0, 9, 5526.05
1575269036, 1, 8, 133, 103, 0, 0.18%, 27, 0, 9, 5575.78
1575269041, 1, 17, 133, 102, 0, 0.18%, 27, 0, 9, 5574.58
1575269046, 1, 18, 133, 101, 0, 0.18%, 27, 0, 9, 5593.50
1575269052, 1, 33, 133, 98, 0, 0.18%, 27, 0, 9, 5635.59
1575269057, 1, 46, 133, 95, 0, 0.18%, 27, 0, 9, 5574.76
1575269067, 1, 48, 133, 94, 0, 0.18%, 27, 0, 9, 5642.13
1575269072, 1, 55, 133, 91, 0, 0.18%, 27, 0, 9, 5507.16
1575269077, 1, 57, 133, 90, 0, 0.18%, 27, 0, 9, 5513.65
1575269082, 1, 67, 133, 89, 0, 0.18%, 27, 0, 9, 5478.33
1575269087, 1, 84, 133, 88, 0, 0.18%, 27, 0, 9, 5286.24
1575269092, 1, 88, 133, 87, 0, 0.18%, 27, 0, 9, 5347.40
1575269097, 1, 93, 133, 86, 0, 0.18%, 27, 0, 9, 5330.28
1575269102, 1, 94, 133, 85, 0, 0.18%, 27, 0, 9, 5279.51
1575269108, 1, 105, 133, 83, 0, 0.18%, 27, 0, 9, 5198.86
1575269113, 1, 112, 133, 82, 0, 0.18%, 27, 0, 9, 5077.48
1575269123, 1, 113, 133, 81, 0, 0.18%, 27, 0, 9, 5060.79
1575269128, 1, 116, 133, 80, 0, 0.18%, 27, 0, 9, 4909.77
1575269133, 1, 122, 133, 79, 0, 0.18%, 27, 0, 9, 4888.87
1575269138, 1, 123, 133, 78, 0, 0.18%, 27, 0, 9, 4961.02
1575269143, 1, 123, 134, 79, 0, 0.18%, 27, 0, 9, 4970.71
1575269148, 1, 124, 134, 78, 0, 0.18%, 27, 0, 9, 4855.70
1575269158, 1, 128, 134, 77, 0, 0.18%, 27, 0, 9, 4890.66
1575269163, 1, 132, 134, 76, 0, 0.18%, 27, 0, 9, 4875.60
1575269174, 1, 133, 134, 75, 0, 0.18%, 27, 0, 9, 4816.33
1575269184, 2, 24, 134, 73, 0, 0.18%, 27, 0, 9, 5365.64
1575269189, 2, 42, 134, 70, 0, 0.18%, 27, 0, 9, 5473.33
